{
  "advancedEditorSelectedIdentifier" : "ProjectBrowser",
  "openSceneRelativePaths" : [
    "Scene.usda"
  ],
  "recentIdentifiers" : {
    "17E5CD66-6BF7-4D83-8D33-4AD249229A56" : [

    ]
  },
  "sceneCameraHistory" : {
    "17E5CD66-6BF7-4D83-8D33-4AD249229A56" : [
      {
        "date" : 745438518.508586,
        "title" : "Untitled",
        "transform" : [
          -0.014851059,
          -4.3026147e-09,
          -0.9998898,
          0,
          -0.24821846,
          0.96869713,
          0.0036867457,
          0,
          0.96859026,
          0.24824579,
          -0.014386084,
          0,
          0.49545628,
          0.2210108,
          -0.12922126,
          1
        ]
      },
      {
        "date" : 745420779.642272,
        "title" : "Untitled",
        "transform" : [
          -0.014851059,
          -4.3026147e-09,
          -0.9998898,
          0,
          -0.24821846,
          0.96869713,
          0.0036867457,
          0,
          0.96859026,
          0.24824579,
          -0.014386084,
          0,
          0.40344018,
          0.19742726,
          -0.12785462,
          1
        ]
      },
      {
        "date" : 745420776.663451,
        "title" : "Untitled",
        "transform" : [
          -0.014851059,
          -4.3026147e-09,
          -0.9998898,
          0,
          -0.24821846,
          0.96869713,
          0.0036867457,
          0,
          0.96859026,
          0.24824579,
          -0.014386084,
          0,
          0.40344018,
          0.19742726,
          -0.12785462,
          1
        ]
      },
      {
        "date" : 745420772.128998,
        "title" : "Untitled",
        "transform" : [
          -0.014851059,
          -4.3026147e-09,
          -0.9998898,
          0,
          -0.24821846,
          0.96869713,
          0.0036867457,
          0,
          0.96859026,
          0.24824579,
          -0.014386084,
          0,
          0.40344018,
          0.19742726,
          -0.12785462,
          1
        ]
      },
      {
        "date" : 745420763.661875,
        "title" : "Untitled",
        "transform" : [
          -0.014851059,
          -4.3026147e-09,
          -0.9998898,
          0,
          -0.24821846,
          0.96869713,
          0.0036867457,
          0,
          0.96859026,
          0.24824579,
          -0.014386084,
          0,
          0.26783744,
          0.16267292,
          -0.12584056,
          1
        ]
      },
      {
        "date" : 745420760.962452,
        "title" : "Untitled",
        "transform" : [
          -0.014851059,
          -4.3026147e-09,
          -0.9998898,
          0,
          -0.24821846,
          0.96869713,
          0.0036867457,
          0,
          0.96859026,
          0.24824579,
          -0.014386084,
          0,
          0.26783744,
          0.16267292,
          -0.12584056,
          1
        ]
      },
      {
        "date" : 745420743.895698,
        "title" : "Untitled",
        "transform" : [
          -0.014851059,
          -4.3026147e-09,
          -0.9998898,
          0,
          -0.24821846,
          0.96869713,
          0.0036867457,
          0,
          0.96859026,
          0.24824579,
          -0.014386084,
          0,
          0.26783744,
          0.16267292,
          -0.12584056,
          1
        ]
      },
      {
        "date" : 745420738.33011,
        "title" : "Untitled",
        "transform" : [
          -0.014851059,
          -4.3026147e-09,
          -0.9998898,
          0,
          -0.24821846,
          0.96869713,
          0.0036867457,
          0,
          0.96859026,
          0.24824579,
          -0.014386084,
          0,
          1.3720301,
          0.44567308,
          -0.14224066,
          1
        ]
      },
      {
        "date" : 745420736.163081,
        "title" : "Untitled",
        "transform" : [
          -0.014851059,
          -4.3026147e-09,
          -0.9998898,
          0,
          -0.24821846,
          0.96869713,
          0.0036867457,
          0,
          0.96859026,
          0.24824579,
          -0.014386084,
          0,
          1.3720301,
          0.44567308,
          -0.14224066,
          1
        ]
      },
      {
        "date" : 745420728.593038,
        "title" : "Untitled",
        "transform" : [
          -0.014851059,
          -4.3026147e-09,
          -0.9998898,
          0,
          -0.24821846,
          0.96869713,
          0.0036867457,
          0,
          0.96859026,
          0.24824579,
          -0.014386084,
          0,
          1.3720301,
          0.44567308,
          -0.14224066,
          1
        ]
      }
    ]
  }
}