{
  "advancedEditorSelectedIdentifier" : "ProjectBrowser",
  "openSceneRelativePaths" : [
    "Scene.usda"
  ],
  "recentIdentifiers" : {
    "17E5CD66-6BF7-4D83-8D33-4AD249229A56" : [

    ],
    "F5A7C3E2-FA82-446F-BF41-044380AD2DD2" : [

    ]
  },
  "sceneCameraHistory" : {
    "17E5CD66-6BF7-4D83-8D33-4AD249229A56" : [
      {
        "date" : 747488938.16254,
        "title" : "Untitled",
        "transform" : [
          0.934634,
          -4.796121e-09,
          -0.3556111,
          0,
          -0.35539442,
          0.034899674,
          -0.9340647,
          0,
          0.012410671,
          0.9993908,
          0.03261838,
          0,
          0.0036691225,
          0.36515248,
          0.047440913,
          1
        ]
      },
      {
        "date" : 747488921.581264,
        "title" : "Untitled",
        "transform" : [
          0.97043824,
          -7.3725026e-09,
          -0.24134958,
          0,
          -0.15549341,
          0.76480114,
          -0.62522084,
          0,
          0.18458441,
          0.6442665,
          0.7421922,
          0,
          0.059722126,
          0.21099706,
          0.29582757,
          1
        ]
      },
      {
        "date" : 747488756.926083,
        "title" : "Untitled",
        "transform" : [
          0.9725541,
          -4.984126e-09,
          -0.23267694,
          0,
          -0.09442969,
          0.913944,
          -0.39470178,
          0,
          0.21265367,
          0.4058404,
          0.88885987,
          0,
          0.2097668,
          0.022145785,
          0.41953573,
          1
        ]
      },
      {
        "date" : 747488727.967167,
        "title" : "Untitled",
        "transform" : [
          0.9725541,
          -4.984126e-09,
          -0.23267694,
          0,
          -0.09442969,
          0.913944,
          -0.39470178,
          0,
          0.21265367,
          0.4058404,
          0.88885987,
          0,
          0.21447968,
          0.01472846,
          0.42179483,
          1
        ]
      },
      {
        "date" : 747488726.0479,
        "title" : "Untitled",
        "transform" : [
          0.9953121,
          -4.5669513e-09,
          -0.096715026,
          0,
          -0.035660967,
          0.9295397,
          -0.36699367,
          0,
          0.08990042,
          0.3687222,
          0.92518204,
          0,
          0.2100248,
          0.013381392,
          0.423113,
          1
        ]
      },
      {
        "date" : 747488723.87387,
        "title" : "Untitled",
        "transform" : [
          0.9619459,
          2.4893881e-10,
          -0.27323994,
          0,
          0.04762393,
          0.9846938,
          0.16766085,
          0,
          0.26905766,
          -0.17429341,
          0.9472222,
          0,
          0.21652663,
          -0.0063253194,
          0.42391282,
          1
        ]
      },
      {
        "date" : 747488717.589318,
        "title" : "Untitled",
        "transform" : [
          0.99846345,
          2.4060598e-10,
          0.055414435,
          0,
          -0.011529949,
          0.9781145,
          0.20774788,
          0,
          -0.05420166,
          -0.20806758,
          0.97661155,
          0,
          0.028641522,
          0.075480886,
          0.20001495,
          1
        ]
      },
      {
        "date" : 747488716.307513,
        "title" : "Untitled",
        "transform" : [
          0.99846345,
          2.4060598e-10,
          0.055414435,
          0,
          -0.011529949,
          0.9781145,
          0.20774788,
          0,
          -0.05420166,
          -0.20806758,
          0.97661155,
          0,
          0.025600031,
          0.088226296,
          0.20256156,
          1
        ]
      },
      {
        "date" : 747345506.003779,
        "title" : "Untitled",
        "transform" : [
          0.99846345,
          2.4060598e-10,
          0.055414435,
          0,
          -0.011529948,
          0.97811437,
          0.20774785,
          0,
          -0.05420166,
          -0.20806758,
          0.97661155,
          0,
          0.0018924875,
          0.014585683,
          0.18555658,
          1
        ]
      },
      {
        "date" : 747345491.769785,
        "title" : "Untitled",
        "transform" : [
          0.99880964,
          2.4291702e-10,
          0.048778318,
          0,
          -0.010425623,
          0.9768917,
          0.21348031,
          0,
          -0.04765114,
          -0.21373476,
          0.97572887,
          0,
          0.0031390274,
          0.013502036,
          0.18550307,
          1
        ]
      }
    ],
    "F5A7C3E2-FA82-446F-BF41-044380AD2DD2" : [
      {
        "date" : 747324474.890083,
        "title" : "Untitled",
        "transform" : [
          0.9829843,
          -1.850825e-10,
          -0.18368922,
          0,
          -0.18262032,
          0.10772345,
          -0.9772643,
          0,
          0.019787641,
          0.9941809,
          0.105890475,
          0,
          0.00118987,
          0.1133703,
          0.017295422,
          1
        ]
      },
      {
        "date" : 747324472.324548,
        "title" : "Untitled",
        "transform" : [
          0.9824393,
          7.7932216e-11,
          -0.18658255,
          0,
          -0.18568055,
          0.09820886,
          -0.9776899,
          0,
          0.018324064,
          0.9951658,
          0.096484266,
          0,
          0.0010383046,
          0.113529816,
          0.01622569,
          1
        ]
      },
      {
        "date" : 747324389.557903,
        "title" : "Untitled",
        "transform" : [
          0.9995247,
          -4.6240478e-10,
          -0.03082629,
          0,
          -0.030807512,
          0.03489958,
          -0.9989158,
          0,
          0.0010758251,
          0.99939084,
          0.034883004,
          0,
          -0.0017319849,
          0.11432451,
          0.008959802,
          1
        ]
      },
      {
        "date" : 747324385.358698,
        "title" : "Untitled",
        "transform" : [
          0.9995247,
          -4.6240478e-10,
          -0.03082629,
          0,
          -0.030807512,
          0.03489958,
          -0.9989158,
          0,
          0.001075825,
          0.9993907,
          0.034883,
          0,
          -0.0067023775,
          0.44240922,
          0.034672346,
          1
        ]
      },
      {
        "date" : 745457378.486498,
        "title" : "Untitled",
        "transform" : [
          0.99999994,
          0,
          0,
          0,
          0,
          0.8660254,
          -0.49999988,
          0,
          0,
          0.49999988,
          0.8660254,
          0,
          -0.0077680126,
          0.20522654,
          0.39343962,
          1
        ]
      },
      {
        "date" : 745457351.586062,
        "title" : "Untitled",
        "transform" : [
          0.99999994,
          0,
          -0,
          0,
          -0,
          0.8660254,
          -0.49999988,
          0,
          0,
          0.49999988,
          0.8660254,
          0,
          0,
          0.22167099,
          0.38394544,
          1
        ]
      }
    ]
  },
  "selectedSceneRelativePath" : "Scene.usda"
}