{
  "advancedEditorSelectedIdentifier" : "ProjectBrowser",
  "openSceneRelativePaths" : [
    "Scene.usda"
  ],
  "recentIdentifiers" : {
    "17E5CD66-6BF7-4D83-8D33-4AD249229A56" : [

    ],
    "F5A7C3E2-FA82-446F-BF41-044380AD2DD2" : [

    ]
  },
  "sceneCameraHistory" : {
    "17E5CD66-6BF7-4D83-8D33-4AD249229A56" : [
      {
        "date" : 747345506.003779,
        "title" : "Untitled",
        "transform" : [
          0.99846345,
          2.4060598e-10,
          0.055414435,
          0,
          -0.011529948,
          0.97811437,
          0.20774785,
          0,
          -0.05420166,
          -0.20806758,
          0.97661155,
          0,
          0.0018924875,
          0.014585683,
          0.18555658,
          1
        ]
      },
      {
        "date" : 747345491.769785,
        "title" : "Untitled",
        "transform" : [
          0.99880964,
          2.4291702e-10,
          0.048778318,
          0,
          -0.010425623,
          0.9768917,
          0.21348031,
          0,
          -0.04765114,
          -0.21373476,
          0.97572887,
          0,
          0.0031390274,
          0.013502036,
          0.18550307,
          1
        ]
      },
      {
        "date" : 747345485.71005,
        "title" : "Untitled",
        "transform" : [
          0.9999371,
          8.615064e-11,
          0.011206253,
          0,
          0.0016740565,
          0.98877895,
          -0.14937657,
          0,
          -0.011080511,
          0.14938594,
          0.9887169,
          0,
          0.010384004,
          0.079398595,
          0.16758753,
          1
        ]
      },
      {
        "date" : 747345456.065916,
        "title" : "Untitled",
        "transform" : [
          0.99974585,
          3.2958247e-10,
          -0.022550914,
          0,
          -0.022537177,
          0.034899436,
          -0.9991368,
          0,
          0.0007870127,
          0.99939096,
          0.03489057,
          0,
          0.010218646,
          0.116617054,
          0.005082435,
          1
        ]
      },
      {
        "date" : 747345438.668828,
        "title" : "Untitled",
        "transform" : [
          0.99991536,
          6.9365214e-10,
          0.013016967,
          0,
          0.0044802865,
          0.9389007,
          -0.3441591,
          0,
          -0.012221639,
          0.34418824,
          0.93882114,
          0,
          0.008413492,
          0.030338604,
          0.104786925,
          1
        ]
      },
      {
        "date" : 747345366.20045,
        "title" : "Untitled",
        "transform" : [
          0.99991554,
          3.21002e-05,
          0.013005235,
          0,
          0.0044460795,
          0.9389008,
          -0.3441595,
          0,
          -0.012221639,
          0.34418824,
          0.93882114,
          0,
          0.008413492,
          0.030338604,
          0.104786925,
          1
        ]
      },
      {
        "date" : 747345353.679869,
        "title" : "Untitled",
        "transform" : [
          0.99805963,
          3.210056e-05,
          -0.06226582,
          0,
          -0.062068854,
          0.079998024,
          -0.9948607,
          0,
          0.004949232,
          0.996795,
          0.07984471,
          0,
          0.010653894,
          0.10359664,
          0.021053806,
          1
        ]
      },
      {
        "date" : 747345347.367043,
        "title" : "Untitled",
        "transform" : [
          0.99805963,
          3.210056e-05,
          -0.06226582,
          0,
          -0.062068854,
          0.079998024,
          -0.9948607,
          0,
          0.004949232,
          0.996795,
          0.07984471,
          0,
          0.012746394,
          0.10065035,
          0.057706103,
          1
        ]
      },
      {
        "date" : 747345295.997314,
        "title" : "Untitled",
        "transform" : [
          0.99869454,
          3.2100554e-05,
          -0.051079288,
          0,
          -0.032283887,
          0.77533686,
          -0.630722,
          0,
          0.039583445,
          0.63154775,
          0.7743257,
          0,
          0.013185267,
          0.04938203,
          0.14077057,
          1
        ]
      },
      {
        "date" : 747345257.229483,
        "title" : "Untitled",
        "transform" : [
          0.9958354,
          3.2100794e-05,
          -0.09116904,
          0,
          -0.08380507,
          0.39405006,
          -0.91526014,
          0,
          0.035895817,
          0.9190889,
          0.39241168,
          0,
          0.015273001,
          0.10925939,
          0.10128135,
          1
        ]
      }
    ],
    "F5A7C3E2-FA82-446F-BF41-044380AD2DD2" : [
      {
        "date" : 747324474.890083,
        "title" : "Untitled",
        "transform" : [
          0.9829843,
          -1.850825e-10,
          -0.18368922,
          0,
          -0.18262032,
          0.10772345,
          -0.9772643,
          0,
          0.019787641,
          0.9941809,
          0.105890475,
          0,
          0.00118987,
          0.1133703,
          0.017295422,
          1
        ]
      },
      {
        "date" : 747324472.324548,
        "title" : "Untitled",
        "transform" : [
          0.9824393,
          7.7932216e-11,
          -0.18658255,
          0,
          -0.18568055,
          0.09820886,
          -0.9776899,
          0,
          0.018324064,
          0.9951658,
          0.096484266,
          0,
          0.0010383046,
          0.113529816,
          0.01622569,
          1
        ]
      },
      {
        "date" : 747324389.557903,
        "title" : "Untitled",
        "transform" : [
          0.9995247,
          -4.6240478e-10,
          -0.03082629,
          0,
          -0.030807512,
          0.03489958,
          -0.9989158,
          0,
          0.0010758251,
          0.99939084,
          0.034883004,
          0,
          -0.0017319849,
          0.11432451,
          0.008959802,
          1
        ]
      },
      {
        "date" : 747324385.358698,
        "title" : "Untitled",
        "transform" : [
          0.9995247,
          -4.6240478e-10,
          -0.03082629,
          0,
          -0.030807512,
          0.03489958,
          -0.9989158,
          0,
          0.001075825,
          0.9993907,
          0.034883,
          0,
          -0.0067023775,
          0.44240922,
          0.034672346,
          1
        ]
      },
      {
        "date" : 745457378.486498,
        "title" : "Untitled",
        "transform" : [
          0.99999994,
          0,
          0,
          0,
          0,
          0.8660254,
          -0.49999988,
          0,
          0,
          0.49999988,
          0.8660254,
          0,
          -0.0077680126,
          0.20522654,
          0.39343962,
          1
        ]
      },
      {
        "date" : 745457351.586062,
        "title" : "Untitled",
        "transform" : [
          0.99999994,
          0,
          -0,
          0,
          -0,
          0.8660254,
          -0.49999988,
          0,
          0,
          0.49999988,
          0.8660254,
          0,
          0,
          0.22167099,
          0.38394544,
          1
        ]
      }
    ]
  },
  "selectedSceneRelativePath" : "Scene.usda"
}