{
  "advancedEditorSelectedIdentifier" : "ProjectBrowser",
  "openSceneRelativePaths" : [
    "Scene.usda"
  ],
  "recentIdentifiers" : {
    "17E5CD66-6BF7-4D83-8D33-4AD249229A56" : [

    ],
    "F5A7C3E2-FA82-446F-BF41-044380AD2DD2" : [

    ]
  },
  "sceneCameraHistory" : {
    "17E5CD66-6BF7-4D83-8D33-4AD249229A56" : [
      {
        "date" : 745474970.192886,
        "title" : "Untitled",
        "transform" : [
          1,
          0,
          0,
          0,
          0,
          0.7071069,
          -0.70710677,
          0,
          0,
          0.70710677,
          0.7071069,
          0,
          0,
          0.20379,
          0.20379005,
          1
        ]
      },
      {
        "date" : 745474968.009723,
        "title" : "Untitled",
        "transform" : [
          1,
          0,
          0,
          0,
          0,
          0.7071069,
          -0.70710677,
          0,
          0,
          0.70710677,
          0.7071069,
          0,
          0,
          0.4154241,
          0.41542426,
          1
        ]
      },
      {
        "date" : 745474960.534368,
        "title" : "Untitled",
        "transform" : [
          0.5756176,
          -2.950027e-08,
          -0.817719,
          0,
          -0.41431868,
          0.86213636,
          -0.29165182,
          0,
          0.7049854,
          0.50667614,
          0.49626097,
          0,
          0.33340406,
          0.110158116,
          0.05768936,
          1
        ]
      },
      {
        "date" : 745474953.266887,
        "title" : "Untitled",
        "transform" : [
          0.40896538,
          -1.648888e-08,
          -0.9125499,
          0,
          -0.89527833,
          0.19363654,
          -0.4012251,
          0,
          0.17670304,
          0.9810733,
          0.07919065,
          0,
          0.18921983,
          0.2187382,
          -0.034936577,
          1
        ]
      },
      {
        "date" : 745474950.581706,
        "title" : "Untitled",
        "transform" : [
          0.40896538,
          -1.648888e-08,
          -0.9125499,
          0,
          -0.89527833,
          0.19363654,
          -0.4012251,
          0,
          0.17670304,
          0.9810733,
          0.07919065,
          0,
          0.18325754,
          0.3497396,
          -0.021869235,
          1
        ]
      },
      {
        "date" : 745474938.322658,
        "title" : "Untitled",
        "transform" : [
          0.4089654,
          -1.00532676e-08,
          -0.9125499,
          0,
          -0.31436613,
          0.9387893,
          -0.14088531,
          0,
          0.8566921,
          0.34449193,
          0.38393235,
          0,
          0.38654712,
          0.04655148,
          0.06923637,
          1
        ]
      },
      {
        "date" : 745474877.764796,
        "title" : "Untitled",
        "transform" : [
          1,
          0,
          0,
          0,
          0,
          0.7071069,
          -0.70710677,
          0,
          0,
          0.70710677,
          0.7071069,
          0,
          -0.0034014438,
          0.21041779,
          0.21094438,
          1
        ]
      },
      {
        "date" : 745474868.851763,
        "title" : "Untitled",
        "transform" : [
          0.9467375,
          -2.2102231e-09,
          0.3220065,
          0,
          0.29096377,
          0.42838585,
          -0.8554681,
          0,
          -0.13794306,
          0.9035958,
          0.40556896,
          0,
          -0.033217177,
          0.1319707,
          0.036180332,
          1
        ]
      },
      {
        "date" : 745474852.766226,
        "title" : "Untitled",
        "transform" : [
          0.9467375,
          -2.2102231e-09,
          0.3220065,
          0,
          0.29096377,
          0.42838585,
          -0.8554681,
          0,
          -0.13794306,
          0.9035958,
          0.40556896,
          0,
          -0.15598665,
          0.49573135,
          0.16822624,
          1
        ]
      },
      {
        "date" : 745474790.443114,
        "title" : "Untitled",
        "transform" : [
          1,
          0,
          0,
          0,
          0,
          0.7071069,
          -0.70710677,
          0,
          0,
          0.70710677,
          0.7071069,
          0,
          0.12049919,
          0.17412724,
          0.35521153,
          1
        ]
      }
    ],
    "F5A7C3E2-FA82-446F-BF41-044380AD2DD2" : [
      {
        "date" : 745457378.486498,
        "title" : "Untitled",
        "transform" : [
          0.99999994,
          0,
          0,
          0,
          0,
          0.8660254,
          -0.49999988,
          0,
          0,
          0.49999988,
          0.8660254,
          0,
          -0.0077680126,
          0.20522654,
          0.39343962,
          1
        ]
      },
      {
        "date" : 745457351.586062,
        "title" : "Untitled",
        "transform" : [
          0.99999994,
          0,
          -0,
          0,
          -0,
          0.8660254,
          -0.49999988,
          0,
          0,
          0.49999988,
          0.8660254,
          0,
          0,
          0.22167099,
          0.38394544,
          1
        ]
      }
    ]
  },
  "selectedSceneRelativePath" : "Untitled Scene.usda"
}