{
  "advancedEditorSelectedIdentifier" : "ProjectBrowser",
  "openSceneRelativePaths" : [
    "Scene.usda"
  ],
  "recentIdentifiers" : {
    "17E5CD66-6BF7-4D83-8D33-4AD249229A56" : [

    ],
    "F5A7C3E2-FA82-446F-BF41-044380AD2DD2" : [

    ]
  },
  "sceneCameraHistory" : {
    "17E5CD66-6BF7-4D83-8D33-4AD249229A56" : [
      {
        "date" : 745465780.23439,
        "title" : "Untitled",
        "transform" : [
          -0.7199478,
          2.623218e-09,
          -0.69402814,
          0,
          -0.50118464,
          0.69174826,
          0.5199022,
          0,
          0.48009276,
          0.7221387,
          -0.4980227,
          0,
          0.16001171,
          0.12468949,
          -0.040375695,
          1
        ]
      },
      {
        "date" : 745465778.75909,
        "title" : "Untitled",
        "transform" : [
          -0.7199478,
          2.623218e-09,
          -0.69402814,
          0,
          -0.50118464,
          0.69174826,
          0.5199022,
          0,
          0.48009276,
          0.7221387,
          -0.4980227,
          0,
          0.18950735,
          0.17979074,
          -0.07462848,
          1
        ]
      },
      {
        "date" : 745465777.205101,
        "title" : "Untitled",
        "transform" : [
          -0.7199478,
          2.623218e-09,
          -0.69402814,
          0,
          -0.50118464,
          0.69174826,
          0.5199022,
          0,
          0.48009276,
          0.7221387,
          -0.4980227,
          0,
          0.2217958,
          0.24010928,
          -0.11212452,
          1
        ]
      },
      {
        "date" : 745465769.462976,
        "title" : "Untitled",
        "transform" : [
          -0.7199478,
          2.623218e-09,
          -0.69402814,
          0,
          -0.50118464,
          0.69174826,
          0.5199022,
          0,
          0.48009276,
          0.7221387,
          -0.4980227,
          0,
          0.39541948,
          0.5644583,
          -0.31375083,
          1
        ]
      },
      {
        "date" : 745465759.114193,
        "title" : "Untitled",
        "transform" : [
          -0.7199478,
          2.623218e-09,
          -0.69402814,
          0,
          -0.50118464,
          0.69174826,
          0.5199022,
          0,
          0.48009276,
          0.7221387,
          -0.4980227,
          0,
          4.8052773,
          8.802581,
          -5.434846,
          1
        ]
      },
      {
        "date" : 745465569.903115,
        "title" : "Untitled",
        "transform" : [
          -0.7199478,
          2.623218e-09,
          -0.69402814,
          0,
          -0.50118464,
          0.69174826,
          0.5199022,
          0,
          0.48009276,
          0.7221387,
          -0.4980227,
          0,
          0.14033784,
          0.0879364,
          -0.017528739,
          1
        ]
      },
      {
        "date" : 745465562.824986,
        "title" : "Untitled",
        "transform" : [
          -0.7199478,
          2.623218e-09,
          -0.69402814,
          0,
          -0.50118464,
          0.69174826,
          0.5199022,
          0,
          0.48009276,
          0.7221387,
          -0.4980227,
          0,
          0.053486306,
          0.0407487,
          -0.015183855,
          1
        ]
      },
      {
        "date" : 745465560.863028,
        "title" : "Untitled",
        "transform" : [
          -0.7199478,
          2.623218e-09,
          -0.69402814,
          0,
          -0.50118464,
          0.69174826,
          0.5199022,
          0,
          0.48009276,
          0.7221387,
          -0.4980227,
          0,
          0.03576883,
          0.037956577,
          -0.03631208,
          1
        ]
      },
      {
        "date" : 745465559.099607,
        "title" : "Untitled",
        "transform" : [
          -0.7199478,
          2.623218e-09,
          -0.69402814,
          0,
          -0.50118464,
          0.69174826,
          0.5199022,
          0,
          0.48009276,
          0.7221387,
          -0.4980227,
          0,
          0.013523272,
          0.03795657,
          -0.05775675,
          1
        ]
      },
      {
        "date" : 745465554.980609,
        "title" : "Untitled",
        "transform" : [
          -0.7199478,
          2.623218e-09,
          -0.69402814,
          0,
          -0.50118464,
          0.69174826,
          0.5199022,
          0,
          0.48009276,
          0.7221387,
          -0.4980227,
          0,
          0.013423069,
          0.037956573,
          -0.05785335,
          1
        ]
      }
    ],
    "F5A7C3E2-FA82-446F-BF41-044380AD2DD2" : [
      {
        "date" : 745457378.486498,
        "title" : "Untitled",
        "transform" : [
          0.99999994,
          0,
          0,
          0,
          0,
          0.8660254,
          -0.49999988,
          0,
          0,
          0.49999988,
          0.8660254,
          0,
          -0.0077680126,
          0.20522654,
          0.39343962,
          1
        ]
      },
      {
        "date" : 745457351.586062,
        "title" : "Untitled",
        "transform" : [
          0.99999994,
          0,
          -0,
          0,
          -0,
          0.8660254,
          -0.49999988,
          0,
          0,
          0.49999988,
          0.8660254,
          0,
          0,
          0.22167099,
          0.38394544,
          1
        ]
      }
    ]
  },
  "selectedSceneRelativePath" : "Untitled Scene.usda"
}