{
  "advancedEditorSelectedIdentifier" : "ProjectBrowser",
  "openSceneRelativePaths" : [
    "Scene.usda"
  ],
  "recentIdentifiers" : {
    "17E5CD66-6BF7-4D83-8D33-4AD249229A56" : [

    ],
    "F5A7C3E2-FA82-446F-BF41-044380AD2DD2" : [

    ]
  },
  "sceneCameraHistory" : {
    "17E5CD66-6BF7-4D83-8D33-4AD249229A56" : [
      {
        "date" : 745473633.126985,
        "title" : "Untitled",
        "transform" : [
          0.9992716,
          1.4204353e-09,
          -0.03816053,
          0,
          -0.009254946,
          0.9701448,
          -0.24235009,
          0,
          0.037021227,
          0.2425267,
          0.9694382,
          0,
          0.005375281,
          0.033596076,
          0.15978245,
          1
        ]
      },
      {
        "date" : 745473607.743947,
        "title" : "Untitled",
        "transform" : [
          0.9992716,
          1.4204353e-09,
          -0.03816053,
          0,
          -0.009254946,
          0.9701448,
          -0.24235009,
          0,
          0.037021227,
          0.2425267,
          0.9694382,
          0,
          0.008326154,
          0.042942233,
          0.15733162,
          1
        ]
      },
      {
        "date" : 745473601.154452,
        "title" : "Untitled",
        "transform" : [
          0.9988094,
          1.3660842e-09,
          -0.048781704,
          0,
          -0.014795428,
          0.9528956,
          -0.30293766,
          0,
          0.046483863,
          0.3032987,
          0.9517611,
          0,
          0.012486115,
          0.06976954,
          0.14913198,
          1
        ]
      },
      {
        "date" : 745473584.719867,
        "title" : "Untitled",
        "transform" : [
          0.99862885,
          1.3301906e-09,
          -0.052347943,
          0,
          -0.012840986,
          0.9694472,
          -0.24496436,
          0,
          0.050748564,
          0.24530067,
          0.96811795,
          0,
          0.0141568035,
          0.04475427,
          0.15285447,
          1
        ]
      },
      {
        "date" : 745473384.873586,
        "title" : "Untitled",
        "transform" : [
          0.999735,
          -3.5405512e-10,
          -0.023018872,
          0,
          -0.0059043374,
          0.96654433,
          -0.25643194,
          0,
          0.02224876,
          0.25649986,
          0.9662882,
          0,
          0.0019053551,
          0.049609527,
          0.15482618,
          1
        ]
      },
      {
        "date" : 745473380.485179,
        "title" : "Untitled",
        "transform" : [
          1,
          0,
          0,
          0,
          0,
          0.7071069,
          -0.70710677,
          0,
          0,
          0.70710677,
          0.7071069,
          0,
          -0.0014597232,
          0.11777636,
          0.115675546,
          1
        ]
      },
      {
        "date" : 745473352.179256,
        "title" : "Untitled",
        "transform" : [
          0.49020216,
          -1.4755802e-08,
          -0.87160885,
          0,
          -0.047722783,
          0.99850005,
          -0.026839798,
          0,
          0.8703015,
          0.05475246,
          0.48946688,
          0,
          0.116627306,
          0.076270536,
          0.08056195,
          1
        ]
      },
      {
        "date" : 745473349.788202,
        "title" : "Untitled",
        "transform" : [
          0.49020216,
          -1.3492603e-09,
          -0.8716088,
          0,
          -0.09252179,
          0.9943502,
          -0.052035235,
          0,
          0.8666844,
          0.10615056,
          0.4874326,
          0,
          0.11417657,
          0.083523735,
          0.07918364,
          1
        ]
      },
      {
        "date" : 745473340.497512,
        "title" : "Untitled",
        "transform" : [
          1,
          0,
          0,
          0,
          0,
          0.7071069,
          -0.70710677,
          0,
          0,
          0.70710677,
          0.7071069,
          0,
          -0.013819618,
          0.1580572,
          0.07136955,
          1
        ]
      },
      {
        "date" : 745473319.368536,
        "title" : "Untitled",
        "transform" : [
          1,
          0,
          0,
          0,
          0,
          0.7071069,
          -0.70710677,
          0,
          0,
          0.70710677,
          0.7071069,
          0,
          -0.12423109,
          0.56031615,
          0.38129225,
          1
        ]
      }
    ],
    "F5A7C3E2-FA82-446F-BF41-044380AD2DD2" : [
      {
        "date" : 745457378.486498,
        "title" : "Untitled",
        "transform" : [
          0.99999994,
          0,
          0,
          0,
          0,
          0.8660254,
          -0.49999988,
          0,
          0,
          0.49999988,
          0.8660254,
          0,
          -0.0077680126,
          0.20522654,
          0.39343962,
          1
        ]
      },
      {
        "date" : 745457351.586062,
        "title" : "Untitled",
        "transform" : [
          0.99999994,
          0,
          -0,
          0,
          -0,
          0.8660254,
          -0.49999988,
          0,
          0,
          0.49999988,
          0.8660254,
          0,
          0,
          0.22167099,
          0.38394544,
          1
        ]
      }
    ]
  },
  "selectedSceneRelativePath" : "Untitled Scene.usda"
}